# vim:ft=dircolors
# See dircolors(1) and dircolors -p for file format
# Generated from vivid theme: /home/sysadm/.config/vivid/theme.yml
# Regenerate with: gen-dircolors [theme.yml] [output]

COLORTERM ?*
TERM Eterm
TERM ansi
TERM *color*
TERM con[0-9]*x[0-9]*
TERM cons25
TERM console
TERM cygwin
TERM *direct*
TERM dtterm
TERM gnome
TERM hurd
TERM jfbterm
TERM kitty
TERM konsole
TERM kterm
TERM linux
TERM linux-c
TERM mlterm
TERM putty
TERM rxvt*
TERM screen*
TERM st
TERM terminator
TERM tmux*
TERM vt100
TERM vt220
TERM xterm*

*~ 0;38;2;108;108;108
BLK 0;38;2;135;215;175;48;2;108;108;108
CAPABILITY 0
CHR 0;38;2;215;175;215;48;2;108;108;108
DIR 1;38;2;135;215;255
DOOR 0;38;2;215;215;215;48;2;215;175;215
EXEC 1;38;2;175;255;175
FILE 0
LINK 0;38;2;215;175;215
MULTIHARDLINK 0
MISSING 0;38;2;215;215;215;48;2;215;95;95
NORMAL 0
ORPHAN 0;38;2;215;215;215;48;2;215;95;95
OTHER_WRITABLE 0
FIFO 0;38;2;215;215;215;48;2;135;175;215
RESET 0
SETGID 0
SOCK 0;38;2;215;215;215;48;2;215;175;215
STICKY 0
SETUID 0
STICKY_OTHER_WRITABLE 0
.1 0;38;2;215;215;175
.a 1;38;2;215;95;95
.c 0;38;2;135;215;175
.d 0;38;2;135;215;175
.f 0;38;2;135;215;175
.h 0;38;2;135;215;175
.m 0;38;2;135;215;175
.o 0;38;2;108;108;108
.p 0;38;2;135;215;175
.r 0;38;2;135;215;175
.t 0;38;2;135;215;175
.v 0;38;2;135;215;175
.z 4;38;2;135;215;175
.7z 4;38;2;135;215;175
.ai 0;38;2;215;175;215
.as 0;38;2;135;215;175
.au 0;38;2;215;175;215
.bc 0;38;2;108;108;108
.br 4;38;2;135;215;175
.bz 4;38;2;135;215;175
.cc 0;38;2;135;215;175
.cp 0;38;2;135;215;175
.cr 0;38;2;135;215;175
.cs 0;38;2;135;215;175
.db 4;38;2;135;215;175
.di 0;38;2;135;215;175
.el 0;38;2;135;215;175
.ex 0;38;2;135;215;175
.fs 0;38;2;135;215;175
.go 0;38;2;135;215;175
.gv 0;38;2;135;215;175
.gz 4;38;2;135;215;175
.ha 0;38;2;135;215;175
.hh 0;38;2;135;215;175
.hi 0;38;2;108;108;108
.hs 0;38;2;135;215;175
.jl 0;38;2;135;215;175
.js 0;38;2;135;215;175
.ko 1;38;2;215;95;95
.kt 0;38;2;135;215;175
.la 0;38;2;108;108;108
.ll 0;38;2;135;215;175
.lo 0;38;2;108;108;108
.lz 4;38;2;135;215;175
.ma 0;38;2;215;175;215
.mb 0;38;2;215;175;215
.md 0;38;2;215;215;175
.mk 0;38;2;135;215;175
.ml 0;38;2;135;215;175
.mn 0;38;2;135;215;175
.nb 0;38;2;135;215;175
.nu 0;38;2;135;215;175
.pl 0;38;2;135;215;175
.pm 0;38;2;135;215;175
.pp 0;38;2;135;215;175
.ps 0;38;2;215;95;95
.py 0;38;2;135;215;175
.rb 0;38;2;135;215;175
.rc 0;38;2;215;215;175
.rm 0;38;2;215;175;215
.rs 0;38;2;135;215;175
.sh 0;38;2;135;215;175
.so 1;38;2;215;95;95
.sz 4;38;2;135;215;175
.td 0;38;2;135;215;175
.tf 0;38;2;135;215;175
.ts 0;38;2;135;215;175
.ui 0;38;2;215;215;175
.vb 0;38;2;135;215;175
.wv 0;38;2;215;175;215
.xz 4;38;2;135;215;175
.zz 4;38;2;135;215;175
*FAQ 0;38;2;38;38;38;48;2;215;215;175
.3ds 0;38;2;215;175;215
.3fr 0;38;2;215;175;215
.3g2 0;38;2;215;175;215
.3ga 0;38;2;215;175;215
.3gp 0;38;2;215;175;215
.3mf 0;38;2;215;175;215
.aac 0;38;2;215;175;215
.adb 0;38;2;135;215;175
.ads 0;38;2;135;215;175
.afm 0;38;2;215;175;215
.aif 0;38;2;215;175;215
.amf 0;38;2;215;175;215
.amr 0;38;2;215;175;215
.ape 0;38;2;215;175;215
.apk 4;38;2;135;215;175
.ari 0;38;2;215;175;215
.arj 4;38;2;135;215;175
.arw 0;38;2;215;175;215
.asa 0;38;2;135;215;175
.ase 0;38;2;215;175;215
.asf 0;38;2;215;175;215
.asm 0;38;2;135;215;175
.aux 0;38;2;108;108;108
.avi 0;38;2;215;175;215
.awk 0;38;2;135;215;175
.azw 0;38;2;215;95;95
.bag 4;38;2;135;215;175
.bak 0;38;2;108;108;108
.bat 1;38;2;215;95;95
.bay 0;38;2;215;175;215
.bbl 0;38;2;108;108;108
.bcf 0;38;2;108;108;108
.bib 0;38;2;215;215;175
.bin 4;38;2;135;215;175
.blg 0;38;2;108;108;108
.bmp 0;38;2;215;175;215
.bsh 0;38;2;135;215;175
.bsp 4;38;2;135;215;175
.bst 0;38;2;215;215;175
.bz2 4;38;2;135;215;175
.bzl 0;38;2;135;215;175
.c++ 0;38;2;135;215;175
.cab 4;38;2;135;215;175
.caf 0;38;2;215;175;215
.cap 0;38;2;215;175;215
.cbr 0;38;2;215;95;95
.cbz 0;38;2;215;95;95
.cda 0;38;2;215;175;215
.cfg 0;38;2;215;215;175
.cgi 0;38;2;135;215;175
.cjs 0;38;2;135;215;175
.clj 0;38;2;135;215;175
.com 1;38;2;215;95;95
.cpp 0;38;2;135;215;175
.cr2 0;38;2;215;175;215
.cr3 0;38;2;215;175;215
.crw 0;38;2;215;175;215
.crx 4;38;2;135;215;175
.css 0;38;2;135;215;175
.csv 0;38;2;215;95;95
.csx 0;38;2;135;215;175
.cxx 0;38;2;135;215;175
.dae 0;38;2;215;175;215
.dat 0;38;2;215;175;215
.dcr 0;38;2;215;175;215
.dcs 0;38;2;215;175;215
.deb 4;38;2;135;215;175
.def 0;38;2;135;215;175
.dll 1;38;2;215;95;95
.dmg 4;38;2;135;215;175
.dmp 0;38;2;108;108;108
.dng 0;38;2;215;175;215
.doc 0;38;2;215;95;95
.dot 0;38;2;135;215;175
.dox 0;38;2;135;215;175
.dpr 0;38;2;135;215;175
.drf 0;38;2;215;175;215
.dts 0;38;2;215;175;215
.dwg 0;38;2;215;175;215
.dxf 0;38;2;215;175;215
.ear 4;38;2;135;215;175
.eip 0;38;2;215;175;215
.elc 0;38;2;135;215;175
.elm 0;38;2;135;215;175
.eln 0;38;2;135;215;175
.eml 0;38;2;215;95;95
.epp 0;38;2;135;215;175
.eps 0;38;2;215;175;215
.erf 0;38;2;215;175;215
.erl 0;38;2;135;215;175
.etx 0;38;2;215;215;175
.exe 1;38;2;215;95;95
.exr 0;38;2;215;175;215
.exs 0;38;2;135;215;175
.f4v 0;38;2;215;175;215
.fb2 0;38;2;215;95;95
.fbx 0;38;2;215;175;215
.fcm 0;38;2;215;175;215
.fff 0;38;2;215;175;215
.fls 0;38;2;108;108;108
.flv 0;38;2;215;175;215
.fnt 0;38;2;215;175;215
.fon 0;38;2;215;175;215
.for 0;38;2;135;215;175
.fsi 0;38;2;135;215;175
.fsx 0;38;2;135;215;175
.fvd 4;38;2;135;215;175
.gif 0;38;2;215;175;215
.git 0;38;2;108;108;108
.gp3 0;38;2;215;175;215
.gp4 0;38;2;215;175;215
.gpr 0;38;2;215;175;215
.gvy 0;38;2;135;215;175
.h++ 0;38;2;135;215;175
.hda 0;38;2;215;175;215
.hip 0;38;2;215;175;215
.hpp 0;38;2;135;215;175
.htc 0;38;2;135;215;175
.htm 0;38;2;215;215;175
.hxx 0;38;2;135;215;175
.ico 0;38;2;215;175;215
.ics 0;38;2;215;95;95
.idx 0;38;2;108;108;108
.igs 0;38;2;215;175;215
.iiq 0;38;2;215;175;215
.ilg 0;38;2;108;108;108
.img 4;38;2;135;215;175
.inc 0;38;2;135;215;175
.ind 0;38;2;108;108;108
.ini 0;38;2;215;215;175
.inl 0;38;2;135;215;175
.ino 0;38;2;135;215;175
.ipa 4;38;2;135;215;175
.ipp 0;38;2;135;215;175
.iso 4;38;2;135;215;175
.jad 4;38;2;135;215;175
.jar 4;38;2;135;215;175
.jpg 0;38;2;215;175;215
.jsx 0;38;2;135;215;175
.jxl 0;38;2;215;175;215
.k25 0;38;2;215;175;215
.kdc 0;38;2;215;175;215
.key 0;38;2;215;95;95
.kra 0;38;2;215;175;215
.kts 0;38;2;135;215;175
.lhs 0;38;2;135;215;175
.log 0;38;2;108;108;108
.lrz 4;38;2;135;215;175
.ltx 0;38;2;135;215;175
.lua 0;38;2;135;215;175
.lzo 4;38;2;135;215;175
.m2v 0;38;2;215;175;215
.m3u 0;38;2;215;175;215
.m4a 0;38;2;215;175;215
.m4v 0;38;2;215;175;215
.mdc 0;38;2;215;175;215
.mdx 0;38;2;215;215;175
.mef 0;38;2;215;175;215
.mht 4;38;2;135;215;175
.mid 0;38;2;215;175;215
.mir 0;38;2;135;215;175
.mjs 0;38;2;135;215;175
.mkd 0;38;2;215;215;175
.mkv 0;38;2;215;175;215
.mli 0;38;2;135;215;175
.mly 0;38;2;135;215;175
.mod 0;38;2;215;175;215
.mos 0;38;2;215;175;215
.mov 0;38;2;215;175;215
.mp3 0;38;2;215;175;215
.mp4 0;38;2;215;175;215
.mpg 0;38;2;215;175;215
.mrw 0;38;2;215;175;215
.msg 0;38;2;215;95;95
.msi 4;38;2;135;215;175
.mtl 0;38;2;215;175;215
.nef 0;38;2;215;175;215
.nfo 0;38;2;215;215;175
.nim 0;38;2;135;215;175
.nix 0;38;2;215;215;175
.nrg 4;38;2;135;215;175
.nrw 0;38;2;215;175;215
.obj 0;38;2;215;175;215
.obm 0;38;2;215;175;215
.odp 0;38;2;215;95;95
.ods 0;38;2;215;95;95
.odt 0;38;2;215;95;95
.oga 0;38;2;215;175;215
.ogg 0;38;2;215;175;215
.ogm 0;38;2;215;175;215
.ogv 0;38;2;215;175;215
.orf 0;38;2;215;175;215
.org 0;38;2;215;215;175
.otf 0;38;2;215;175;215
.otl 0;38;2;215;175;215
.out 0;38;2;108;108;108
.pak 4;38;2;135;215;175
.pas 0;38;2;135;215;175
.pbm 0;38;2;215;175;215
.pcm 0;38;2;215;175;215
.pcx 0;38;2;215;175;215
.pdf 0;38;2;215;95;95
.pef 0;38;2;215;175;215
.pfa 0;38;2;215;175;215
.pfb 0;38;2;215;175;215
.pfm 0;38;2;215;175;215
.pgm 0;38;2;215;175;215
.php 0;38;2;135;215;175
.pid 0;38;2;108;108;108
.pk3 4;38;2;135;215;175
.pkg 4;38;2;135;215;175
.ply 0;38;2;215;175;215
.png 0;38;2;215;175;215
.pod 0;38;2;135;215;175
.ppm 0;38;2;215;175;215
.pps 0;38;2;215;95;95
.ppt 0;38;2;215;95;95
.pro 0;38;2;135;215;175
.ps1 0;38;2;135;215;175
.psd 0;38;2;215;175;215
.ptx 0;38;2;215;175;215
.pxd 0;38;2;215;175;215
.pxm 0;38;2;215;175;215
.pxn 0;38;2;215;175;215
.pyc 0;38;2;108;108;108
.pyd 0;38;2;108;108;108
.pyo 0;38;2;108;108;108
.qoi 0;38;2;215;175;215
.r3d 0;38;2;215;175;215
.raf 0;38;2;215;175;215
.rar 4;38;2;135;215;175
.raw 0;38;2;215;175;215
.rpm 4;38;2;135;215;175
.rss 0;38;2;215;215;175
.rst 0;38;2;215;215;175
.rtf 0;38;2;215;95;95
.rw2 0;38;2;215;175;215
.rwl 0;38;2;215;175;215
.rwz 0;38;2;215;175;215
.s3m 0;38;2;215;175;215
.s7z 4;38;2;135;215;175
.sbt 0;38;2;135;215;175
.sed 0;38;2;135;215;175
.sid 0;38;2;215;175;215
.sql 0;38;2;135;215;175
.sr2 0;38;2;215;175;215
.srf 0;38;2;215;175;215
.srw 0;38;2;215;175;215
.stl 0;38;2;215;175;215
.stp 0;38;2;215;175;215
.sty 0;38;2;108;108;108
.svg 0;38;2;215;175;215
.swf 0;38;2;215;175;215
.swn 0;38;2;108;108;108
.swo 0;38;2;108;108;108
.swp 0;38;2;108;108;108
.sxi 0;38;2;215;95;95
.sxw 0;38;2;215;95;95
.tar 4;38;2;135;215;175
.tbz 4;38;2;135;215;175
.tcl 0;38;2;135;215;175
.tex 0;38;2;135;215;175
.tga 0;38;2;215;175;215
.tgz 4;38;2;135;215;175
.tif 0;38;2;215;175;215
.tml 0;38;2;215;215;175
.tmp 0;38;2;108;108;108
.toc 0;38;2;108;108;108
.tsv 0;38;2;215;95;95
.tsx 0;38;2;135;215;175
.ttf 0;38;2;215;175;215
.txt 0;38;2;215;215;175
.typ 0;38;2;215;215;175
.usd 0;38;2;215;175;215
.vba 0;38;2;135;215;175
.vbs 0;38;2;135;215;175
.vcd 4;38;2;135;215;175
.vcf 0;38;2;215;95;95
.vdf 4;38;2;135;215;175
.vdi 4;38;2;135;215;175
.vfd 4;38;2;135;215;175
.vhd 4;38;2;135;215;175
.vim 0;38;2;135;215;175
.vob 0;38;2;215;175;215
.vpk 4;38;2;135;215;175
.vsh 0;38;2;135;215;175
.war 4;38;2;135;215;175
.wav 0;38;2;215;175;215
.wma 0;38;2;215;175;215
.wmv 0;38;2;215;175;215
.wrl 0;38;2;215;175;215
.wvc 0;38;2;215;175;215
.x3d 0;38;2;215;175;215
.x3f 0;38;2;215;175;215
.xcf 0;38;2;215;175;215
.xla 0;38;2;215;95;95
.xlr 0;38;2;215;95;95
.xls 0;38;2;215;95;95
.xlt 0;38;2;215;95;95
.xml 0;38;2;215;215;175
.xmp 0;38;2;215;215;175
.xpi 4;38;2;135;215;175
.xpm 0;38;2;215;175;215
.xsd 0;38;2;215;215;175
.xsh 0;38;2;135;215;175
.yml 0;38;2;215;215;175
.zig 0;38;2;135;215;175
.zip 4;38;2;135;215;175
.zoo 4;38;2;135;215;175
.zsh 0;38;2;135;215;175
.zst 4;38;2;135;215;175
*TODO 1
*cljc 0;38;2;135;215;175
*hgrc 0;38;2;135;215;175
*mtab 0;38;2;215;215;175
.adoc 0;38;2;215;215;175
.agda 0;38;2;135;215;175
.aiff 0;38;2;215;175;215
.alac 0;38;2;215;175;215
.avif 0;38;2;215;175;215
.azw3 0;38;2;215;95;95
.bash 0;38;2;135;215;175
.braw 0;38;2;215;175;215
.cljs 0;38;2;135;215;175
.cljw 0;38;2;135;215;175
.conf 0;38;2;215;215;175
.cpio 4;38;2;135;215;175
.dart 0;38;2;135;215;175
.data 0;38;2;215;175;215
.diff 0;38;2;135;215;175
.divx 0;38;2;215;175;215
.djvu 0;38;2;215;95;95
.docm 0;38;2;215;95;95
.docx 0;38;2;215;95;95
.dump 0;38;2;108;108;108
.epsf 0;38;2;215;175;215
.epub 0;38;2;215;95;95
.fish 0;38;2;135;215;175
.flac 0;38;2;215;175;215
.fxml 0;38;2;215;215;175
.h264 0;38;2;215;175;215
.hack 0;38;2;135;215;175
.heif 0;38;2;215;175;215
.hgrc 0;38;2;135;215;175
.html 0;38;2;215;215;175
.icns 0;38;2;215;175;215
.iges 0;38;2;215;175;215
.info 0;38;2;215;215;175
.java 0;38;2;135;215;175
.jhtm 0;38;2;215;215;175
.jpeg 0;38;2;215;175;215
.json 0;38;2;215;215;175
.less 0;38;2;135;215;175
.lisp 0;38;2;135;215;175
.lock 0;38;2;108;108;108
.lzma 4;38;2;135;215;175
.make 0;38;2;135;215;175
.midi 0;38;2;215;175;215
.mobi 0;38;2;215;95;95
.mojo 0;38;2;135;215;175
.mp4a 0;38;2;215;175;215
.mpeg 0;38;2;215;175;215
.nims 0;38;2;135;215;175
.norg 0;38;2;215;215;175
.odin 0;38;2;135;215;175
.opus 0;38;2;215;175;215
.orig 0;38;2;108;108;108
.part 0;38;2;108;108;108
.path 0;38;2;215;215;175
.pcap 0;38;2;108;108;108
.ppts 0;38;2;215;95;95
.pptx 0;38;2;215;95;95
.prql 0;38;2;135;215;175
.psd1 0;38;2;135;215;175
.psm1 0;38;2;135;215;175
.purs 0;38;2;135;215;175
.qcow 4;38;2;135;215;175
.rake 0;38;2;135;215;175
.raku 0;38;2;135;215;175
.rlib 0;38;2;108;108;108
.rmvb 0;38;2;215;175;215
.sass 0;38;2;135;215;175
.scad 0;38;2;135;215;175
.scss 0;38;2;135;215;175
.step 0;38;2;215;175;215
.swap 0;38;2;215;215;175
.tbz2 4;38;2;135;215;175
.tiff 0;38;2;215;175;215
.toml 0;38;2;215;215;175
.usda 0;38;2;215;175;215
.usdc 0;38;2;215;175;215
.usdz 0;38;2;215;175;215
.vala 0;38;2;135;215;175
.vapi 0;38;2;135;215;175
.vhdx 4;38;2;135;215;175
.vmdk 4;38;2;135;215;175
.warc 4;38;2;135;215;175
.webm 0;38;2;215;175;215
.webp 0;38;2;215;175;215
.woff 0;38;2;215;175;215
.xbps 4;38;2;135;215;175
.xlsm 0;38;2;215;95;95
.xlsx 0;38;2;215;95;95
.xltm 0;38;2;215;95;95
.yaml 0;38;2;215;215;175
.zipx 4;38;2;135;215;175
.zpaq 4;38;2;135;215;175
.zstd 4;38;2;135;215;175
*fstab 0;38;2;215;215;175
*group 0;38;2;215;215;175
*hosts 0;38;2;215;215;175
*stdin 0;38;2;108;108;108
*v.mod 0;38;2;135;215;175
.aria2 0;38;2;108;108;108
.bazel 0;38;2;135;215;175
.blend 0;38;2;215;175;215
.cabal 0;38;2;135;215;175
.cache 0;38;2;108;108;108
.class 0;38;2;108;108;108
.cmake 0;38;2;135;215;175
.ctags 0;38;2;108;108;108
.dylib 1;38;2;215;95;95
.dyn_o 0;38;2;108;108;108
.gcode 0;38;2;135;215;175
.ipynb 0;38;2;135;215;175
.jhtml 0;38;2;215;215;175
.lagda 0;38;2;135;215;175
.mdown 0;38;2;215;215;175
.mhtml 4;38;2;135;215;175
.mount 0;38;2;215;215;175
.pages 0;38;2;215;95;95
.paq8n 4;38;2;135;215;175
.paq8o 4;38;2;135;215;175
.patch 0;38;2;135;215;175
.plist 0;38;2;108;108;108
.pptsm 0;38;2;215;95;95
.pptxm 0;38;2;215;95;95
.rmeta 0;38;2;108;108;108
.scala 0;38;2;135;215;175
.shtml 0;38;2;215;215;175
.state 0;38;2;108;108;108
.swift 0;38;2;135;215;175
.timer 0;38;2;215;215;175
.toast 4;38;2;135;215;175
.vcard 0;38;2;215;95;95
.woff2 0;38;2;215;175;215
.xhtml 0;38;2;215;215;175
*Icon\r 0;38;2;108;108;108
*LEGACY 0;38;2;38;38;38;48;2;215;215;175
*NOTICE 0;38;2;38;38;38;48;2;215;215;175
*README 0;38;2;38;38;38;48;2;215;215;175
*go.mod 0;38;2;135;215;175
*go.sum 0;38;2;108;108;108
*mounts 0;38;2;215;215;175
*passwd 0;38;2;215;215;175
*shadow 0;38;2;215;215;175
*stderr 0;38;2;108;108;108
*stdout 0;38;2;108;108;108
.bashrc 0;38;2;135;215;175
.config 0;38;2;215;215;175
.device 0;38;2;215;215;175
.dyn_hi 0;38;2;108;108;108
.flake8 0;38;2;135;215;175
.github 0;38;2;108;108;108
.gradle 0;38;2;135;215;175
.groovy 0;38;2;135;215;175
.ignore 0;38;2;135;215;175
.matlab 0;38;2;135;215;175
.nimble 0;38;2;135;215;175
.sample 0;38;2;215;175;215
.socket 0;38;2;215;215;175
.target 0;38;2;215;215;175
.tfvars 0;38;2;135;215;175
*AUTHORS 0;38;2;38;38;38;48;2;215;215;175
*CHANGES 0;38;2;38;38;38;48;2;215;215;175
*COPYING 0;38;2;108;108;108
*HISTORY 0;38;2;38;38;38;48;2;215;215;175
*INSTALL 0;38;2;38;38;38;48;2;215;215;175
*LICENCE 0;38;2;108;108;108
*LICENSE 0;38;2;108;108;108
*PATENTS 0;38;2;108;108;108
*TODO.md 1
*VERSION 0;38;2;38;38;38;48;2;215;215;175
*crontab 0;38;2;215;215;175
*uv.lock 0;38;2;108;108;108
.alembic 0;38;2;215;175;215
.desktop 0;38;2;215;215;175
.gemspec 0;38;2;135;215;175
.mailmap 0;38;2;135;215;175
.numbers 0;38;2;215;95;95
.profile 0;38;2;135;215;175
.service 0;38;2;215;215;175
.textile 0;38;2;215;215;175
.tfstate 0;38;2;108;108;108
*Doxyfile 0;38;2;135;215;175
*Makefile 0;38;2;135;215;175
*TODO.txt 1
*crypttab 0;38;2;215;215;175
*grub.cfg 0;38;2;215;215;175
*hostname 0;38;2;215;215;175
*networks 0;38;2;215;215;175
*setup.py 0;38;2;135;215;175
.DS_Store 0;38;2;108;108;108
.asciidoc 0;38;2;215;215;175
.aseprite 0;38;2;215;175;215
.cmake.in 0;38;2;135;215;175
.fdignore 0;38;2;135;215;175
.kdevelop 0;38;2;135;215;175
.lockfile 0;38;2;108;108;108
.markdown 0;38;2;215;215;175
.rgignore 0;38;2;135;215;175
.snapshot 0;38;2;215;215;175
.tfignore 0;38;2;135;215;175
*CHANGELOG 0;38;2;38;38;38;48;2;215;215;175
*COPYRIGHT 0;38;2;108;108;108
*README.md 0;38;2;38;38;38;48;2;215;215;175
*bun.lockb 0;38;2;108;108;108
*configure 0;38;2;135;215;175
*securetty 0;38;2;215;215;175
.automount 0;38;2;215;215;175
.gitconfig 0;38;2;135;215;175
.gitignore 0;38;2;135;215;175
.localized 0;38;2;108;108;108
.scons_opt 0;38;2;108;108;108
.terraform 0;38;2;135;215;175
.timestamp 0;38;2;108;108;108
*CHANGES.md 0;38;2;38;38;38;48;2;215;215;175
*CODEOWNERS 0;38;2;135;215;175
*Dockerfile 0;38;2;215;215;175
*INSTALL.md 0;38;2;38;38;38;48;2;215;215;175
*README.txt 0;38;2;38;38;38;48;2;215;215;175
*SConscript 0;38;2;135;215;175
*SConstruct 0;38;2;135;215;175
.cirrus.yml 0;38;2;135;215;175
.gitmodules 0;38;2;135;215;175
.synctex.gz 0;38;2;108;108;108
.travis.yml 0;38;2;135;215;175
*CHANGES.txt 0;38;2;38;38;38;48;2;215;215;175
*INSTALL.txt 0;38;2;38;38;38;48;2;215;215;175
*LICENSE-MIT 0;38;2;108;108;108
*MANIFEST.in 0;38;2;135;215;175
*Makefile.am 0;38;2;135;215;175
*Makefile.in 0;38;2;108;108;108
*known_hosts 0;38;2;215;215;175
*poetry.lock 0;38;2;108;108;108
.applescript 0;38;2;135;215;175
.fdb_latexmk 0;38;2;108;108;108
.sparseimage 4;38;2;135;215;175
.webmanifest 0;38;2;215;215;175
*CHANGELOG.md 0;38;2;38;38;38;48;2;215;215;175
*CONTRIBUTING 0;38;2;38;38;38;48;2;215;215;175
*CONTRIBUTORS 0;38;2;38;38;38;48;2;215;215;175
*appveyor.yml 0;38;2;135;215;175
*configure.ac 0;38;2;135;215;175
.bash_profile 0;38;2;135;215;175
.clang-format 0;38;2;135;215;175
.dockerignore 0;38;2;135;215;175
.editorconfig 0;38;2;135;215;175
*CHANGELOG.txt 0;38;2;38;38;38;48;2;215;215;175
*Containerfile 0;38;2;215;215;175
.aseprite-keys 0;38;2;215;215;175
.gitattributes 0;38;2;135;215;175
.gitlab-ci.yml 0;38;2;135;215;175
*CMakeCache.txt 0;38;2;108;108;108
*CMakeLists.txt 0;38;2;135;215;175
*LICENSE-APACHE 0;38;2;108;108;108
*pyproject.toml 0;38;2;135;215;175
*CODE_OF_CONDUCT 0;38;2;38;38;38;48;2;215;215;175
*CONTRIBUTING.md 0;38;2;38;38;38;48;2;215;215;175
*CONTRIBUTORS.md 0;38;2;38;38;38;48;2;215;215;175
*authorized_keys 0;38;2;215;215;175
*CONTRIBUTING.txt 0;38;2;38;38;38;48;2;215;215;175
*CONTRIBUTORS.txt 0;38;2;38;38;38;48;2;215;215;175
*requirements.txt 0;38;2;135;215;175
*package-lock.json 0;38;2;108;108;108
*CODE_OF_CONDUCT.md 0;38;2;38;38;38;48;2;215;215;175
*CODE_OF_CONDUCT.txt 0;38;2;38;38;38;48;2;215;215;175
